gemini-2.5-flash_latency: 2.558256149291992
gemini-2.5-flash-lite: 0.9217040538787842
gemini-2.5-flash_cost_estimate: 1.3333333333333333e-05